Generation F-Min F-Moy F-Max
0 0.0
1 2.0
2 5.4375
3 8.3125
4 10.4375
5 13.25
6 16.3125
7 18.5
8 20.375
9 22.8125
10 25.0
11 27.75
12 29.8125
13 32.9375
14 35.625
15 36.875
16 39.625
17 41.6875
18 44.0
19 46.875
20 49.5
21 53.0625
22 54.5625
23 57.0
24 59.4375
25 61.125
26 63.4375
27 66.0
28 68.0625
29 71.9375
30 74.125
31 76.1875
32 78.375
33 80.75
34 82.6875
35 84.9375
36 87.3125
37 90.25
38 92.0625
39 94.125
40 96.4375
41 98.8125
42 100.9375
43 103.9375
44 106.375
45 109.0
46 110.625
47 113.1875
48 115.75
49 117.8125
50 120.375
51 121.9375
52 125.25
53 127.125
54 128.875
55 131.5
56 133.9375
57 135.5625
58 137.9375
59 141.125
60 143.875
61 145.625
62 148.3125
63 150.8125
64 153.0625
65 154.75
66 157.1875
67 159.5625
68 161.5
69 164.1875
70 166.3125
71 168.5
72 171.4375
73 173.25
74 175.8125
75 177.0
76 179.25
77 181.125
78 183.8125
79 185.9375
80 188.625
81 190.4375
82 193.5
83 194.75
84 197.4375
85 199.375
86 200.6875
87 203.5625
88 206.6875
89 207.5
90 210.5625
91 212.8125
92 214.6875
93 216.625
94 219.5625
95 221.3125
96 224.0
97 225.6875
98 228.0625
99 230.75
100 232.5
101 235.8125
102 237.875
103 239.4375
104 241.3125
105 243.5625
106 246.8125
107 249.0
108 250.8125
109 252.0
110 254.0625
111 256.0625
112 258.0
113 260.3125
114 263.4375
115 265.4375
116 266.875
117 268.5
118 271.0625
119 273.3125
120 275.4375
121 277.3125
122 279.25
123 281.5
124 283.75
125 285.125
126 287.375
127 289.1875
128 291.3125
129 293.3125
130 295.4375
131 297.8125
132 299.5625
133 302.5
134 304.25
135 304.875
136 308.0625
137 309.4375
138 311.9375
139 314.1875
140 316.25
141 318.25
142 320.9375
143 322.0625
144 323.8125
145 326.125
146 327.9375
147 329.875
148 332.0625
149 333.5625
150 338.0
151 338.5
152 340.0625
153 342.0625
154 343.0
155 344.75
156 347.25
157 349.5625
158 350.3125
159 352.5
160 354.4375
161 356.4375
162 358.125
163 359.875
164 361.75
165 363.125
166 364.625
167 367.5625
168 369.5625
169 371.0
170 373.0625
171 375.125
172 376.6875
173 379.5
174 380.75
175 383.0
176 385.125
177 386.5625
178 388.4375
179 390.25
180 392.5
181 394.75
182 396.25
183 397.5
184 400.5
185 401.125
186 402.9375
187 405.0625
188 406.75
189 408.875
190 409.9375
191 411.5625
192 413.25
193 414.625
194 417.0
195 418.75
196 420.375
197 422.875
198 423.375
199 426.125
200 427.625
201 429.0625
202 430.875
203 433.1875
204 435.625
205 436.875
206 438.625
207 440.0
208 441.625
209 443.1875
210 445.5
211 448.0625
212 448.4375
213 450.25
214 452.0
215 453.625
216 455.625
217 458.125
218 458.6875
219 461.625
220 462.5625
221 463.75
222 465.6875
223 467.1875
224 468.9375
225 470.5
226 473.1875
227 474.875
228 475.75
229 478.1875
230 478.6875
231 480.8125
232 482.875
233 484.9375
234 486.3125
235 488.8125
236 489.75
237 491.5
238 493.1875
239 494.0
240 495.8125
241 497.75
242 499.375
243 501.0625
244 502.0625
245 503.75
246 505.75
247 507.625
248 509.0
249 510.0
250 512.5625
251 513.8125
252 514.9375
253 517.25
254 517.6875
255 519.3125
256 521.375
257 523.0625
258 524.25
259 526.25
260 527.5
261 529.375
262 530.5
263 531.3125
264 533.75
265 536.0
266 536.375
267 539.3125
268 540.875
269 542.6875
270 544.625
271 545.75
272 546.75
273 548.4375
274 549.8125
275 551.25
276 553.3125
277 555.1875
278 556.25
279 558.25
280 558.9375
281 560.5
282 562.75
283 563.25
284 565.0625
285 566.5625
286 568.5625
287 570.0
288 570.6875
289 573.125
290 573.875
291 575.3125
292 576.3125
293 577.875
294 579.3125
295 580.75
296 581.8125
297 583.8125
298 585.5625
299 586.5625
300 588.1875
301 589.4375
302 591.125
303 592.875
304 594.25
305 595.625
306 596.125
307 597.875
308 599.8125
309 601.0
310 602.625
311 603.4375
312 605.6875
313 607.4375
314 607.875
315 609.375
316 610.25
317 612.3125
318 613.1875
319 614.9375
320 616.625
321 617.625
322 618.875
323 619.3125
324 621.75
325 622.875
326 623.875
327 625.875
328 626.375
329 628.1875
330 629.0
331 630.5
332 631.875
333 633.25
334 634.4375
335 635.5625
336 637.0
337 638.6875
338 640.0625
339 640.5625
340 642.625
341 643.6875
342 645.5
343 646.625
344 648.125
345 649.1875
346 650.625
347 651.75
348 652.375
349 653.9375
350 655.6875
351 656.875
352 658.1875
353 659.8125
354 660.8125
355 663.0
356 663.6875
357 664.6875
358 665.875
359 667.0625
360 668.8125
361 669.75
362 670.75
363 671.75
364 672.875
365 674.125
366 675.25
367 675.9375
368 677.875
369 678.8125
370 680.6875
371 681.375
372 682.4375
373 684.0
374 684.8125
375 686.75
376 688.375
377 689.1875
378 690.375
379 691.75
380 692.9375
381 694.6875
382 695.8125
383 696.0
384 698.4375
385 699.375
386 701.0
387 702.1875
388 703.375
389 704.9375
390 705.625
391 707.75
392 708.3125
393 709.75
394 710.4375
395 711.5
396 712.75
397 713.6875
398 715.125
399 715.8125
400 717.1875
401 717.9375
402 719.8125
403 721.4375
404 722.0
405 722.5
406 723.75
407 726.0
408 726.9375
409 728.0
410 728.75
411 730.0
412 730.5625
413 732.375
414 733.0625
415 733.75
416 735.1875
417 735.9375
418 737.5625
419 737.9375
420 739.5
421 740.5625
422 741.0
423 742.1875
424 743.0
425 744.9375
426 745.75
427 746.8125
428 747.5625
429 748.9375
430 751.0
431 751.25
432 753.0
433 753.125
434 753.9375
435 755.75
436 756.25
437 757.6875
438 758.375
439 760.0
440 761.3125
441 762.0
442 763.0
443 764.25
444 765.5625
445 766.4375
446 767.4375
447 768.0
448 769.5
449 770.8125
450 772.4375
451 772.5625
452 773.6875
453 775.375
454 775.9375
455 776.875
456 778.1875
457 778.8125
458 779.3125
459 780.6875
460 781.75
461 783.3125
462 783.9375
463 784.0
464 785.9375
465 786.8125
466 787.375
467 788.9375
468 789.625
469 790.9375
470 791.125
471 792.875
472 793.5
473 794.625
474 795.1875
475 797.0
476 797.4375
477 799.0625
478 798.8125
479 800.625
480 802.0625
481 802.625
482 803.0625
483 804.0
484 805.0625
485 806.3125
486 806.875
487 808.375
488 809.125
489 811.0625
490 811.75
491 812.125
492 813.4375
493 815.0625
494 815.25
495 816.1875
496 816.9375
497 818.4375
498 818.75
499 819.875
500 820.375
