Generation F-Min F-Moy F-Max
0 0.0 0.0 0.0
1 0.0 0.559751953125 2.197265625
2 1.5625 3.351626953125 4.904296875
3 5.18359375 6.3373828125 8.1484375
4 8.26953125 9.641650390625 11.1640625
5 10.6015625 12.4821796875 13.853515625
6 12.845703125 15.322810546874999 16.68359375
7 15.9453125 17.366427734375 18.609375
8 17.6171875 19.6232109375 21.53125
9 21.03125 22.69844921875 24.302734375
10 22.73828125 26.301146484375 28.0859375
11 27.60546875 29.424751953125 30.599609375
12 30.935546875 31.622888671874996 33.140625
13 33.49609375 34.416818359375 36.263671875
14 35.619140625 37.317189453124996 39.01953125
15 37.32421875 41.28745507812501 42.607421875
16 41.853515625 43.35534375 45.220703125
17 44.083984375 46.092416015625005 47.337890625
18 47.40234375 49.036226562500005 51.728515625
19 51.1796875 53.784857421875 55.890625
20 53.828125 58.6957421875 61.380859375
21 60.865234375 62.492193359375 65.89453125
22 65.1953125 67.36140234375 69.9765625
23 68.853515625 71.69613085937499 73.88671875
24 73.326171875 74.953619140625 76.041015625
25 74.8203125 77.198955078125 79.38671875
26 78.560546875 80.30604492187499 81.7421875
27 80.3984375 84.2134609375 87.880859375
28 86.078125 90.365916015625 93.2578125
29 91.814453125 95.29326171874999 97.3515625
30 96.505859375 98.785173828125 101.4921875
31 100.439453125 103.18898242187501 106.375
32 104.896484375 108.26218359375 111.4140625
33 110.404296875 112.42183593749999 115.626953125
34 114.2109375 118.485802734375 120.5859375
35 119.697265625 122.228859375 125.77734375
36 123.48828125 127.44008593749999 131.478515625
37 129.4765625 133.776869140625 135.966796875
38 133.75 137.184259765625 140.892578125
39 139.513671875 143.35981640625 147.115234375
40 145.02734375 148.370603515625 152.30078125
41 150.03125 155.0054375 158.25390625
42 157.13671875 160.27691015624998 162.9609375
43 162.1796875 164.049130859375 165.20703125
44 163.70703125 166.07 169.552734375
45 167.30078125 170.861275390625 174.783203125
46 172.275390625 177.661814453125 180.677734375
47 179.056640625 182.40419140625 184.9296875
48 182.73046875 186.446783203125 190.537109375
49 188.53125 193.25172656249998 196.921875
50 195.6328125 198.01958984375 199.4140625
51 197.029296875 200.31860742187502 203.537109375
52 201.689453125 206.615359375 209.80078125
53 208.564453125 210.93408984375003 213.01171875
54 211.279296875 214.7313125 216.8515625
55 214.330078125 219.00466015625 222.67578125
56 220.455078125 224.45024609375002 226.896484375
57 224.935546875 228.772376953125 232.517578125
58 230.66796875 233.6502421875 235.779296875
59 233.42578125 236.9818984375 240.02734375
60 237.35546875 241.45940625 244.423828125
61 241.546875 245.11602148437498 249.0546875
62 246.767578125 250.820626953125 254.685546875
63 251.63671875 257.66241015624996 261.044921875
64 257.5546875 262.678740234375 266.833984375
65 263.322265625 267.88667187500005 272.294921875
66 269.580078125 274.11343359374996 276.357421875
67 273.4140625 278.381357421875 282.828125
68 278.974609375 283.93820703125004 288.365234375
69 285.744140625 289.59534960937503 293.853515625
70 291.787109375 295.188103515625 299.373046875
71 297.962890625 300.92635937499995 303.248046875
72 300.669921875 304.3849296875 308.580078125
73 305.998046875 310.313814453125 313.962890625
74 312.76171875 315.51467382812496 316.87109375
75 314.548828125 317.714625 319.70703125
76 315.412109375 320.509021484375 324.998046875
77 320.416015625 327.22879296875 331.29296875
78 327.728515625 333.12006640625 337.669921875
79 333.853515625 339.93017187500004 344.166015625
80 341.146484375 345.880806640625 350.484375
81 348.32421875 351.98784375 356.017578125
82 352.72265625 357.48234765625 361.9609375
83 359.16015625 363.192845703125 366.908203125
84 366.037109375 368.27970703125004 370.587890625
85 366.49609375 371.689765625 376.171875
86 371.701171875 376.65395117187495 381.2421875
87 379.244140625 382.644345703125 385.685546875
88 384.177734375 386.66993945312504 388.84375
89 386.708984375 389.7639375 392.458984375
90 388.494140625 393.274150390625 397.666015625
91 395.18359375 399.36483984375 403.078125
92 398.95703125 404.22923828125 408.953125
93 404.86328125 409.822759765625 414.109375
94 411.283203125 415.2788828125 418.947265625
95 414.87109375 420.0865546875 424.87890625
96 420.669921875 425.5323515625 429.642578125
97 425.609375 430.778212890625 435.5625
98 431.48828125 436.54129882812504 441.30859375
99 437.400390625 442.606404296875 447.423828125
100 444.298828125 449.69526953125 454.462890625
101 451.728515625 456.228412109375 459.568359375
102 457.03515625 460.68452734375 463.86328125
103 460.2265625 464.945654296875 468.359375
104 464.087890625 469.24957421875 474.181640625
105 470.45703125 476.924390625 481.62890625
106 478.20703125 483.65360351562504 487.392578125
107 485.029296875 488.333494140625 491.029296875
108 488.376953125 491.82136328125 494.751953125
109 491.123046875 496.270974609375 501.248046875
110 498.134765625 502.220466796875 506.244140625
111 503.107421875 506.55983984375 510.029296875
112 505.33203125 510.14903125 514.962890625
113 511.521484375 515.98804296875 520.462890625
114 515.787109375 520.69291015625 525.6328125
115 522.0234375 526.140517578125 529.98046875
116 527.58984375 531.047958984375 534.58203125
117 530.859375 536.15800390625 540.736328125
118 537.06640625 542.3681386718749 546.67578125
119 542.49609375 547.221791015625 551.99609375
120 549.1328125 553.470646484375 557.0390625
121 553.556640625 557.528314453125 561.7109375
122 558.259765625 563.708744140625 567.056640625
123 564.072265625 568.141509765625 572.19921875
124 568.39453125 572.845548828125 577.453125
125 573.4765625 578.992986328125 583.0234375
126 579.234375 583.7109628906251 587.595703125
127 583.625 588.39842578125 593.064453125
128 590.1171875 593.871208984375 596.7890625
129 592.681640625 596.8254472656249 601.228515625
130 597.685546875 601.7906601562499 606.341796875
131 602.73046875 606.451640625 610.009765625
132 606.349609375 611.3755664062501 615.466796875
133 610.595703125 614.904630859375 619.6953125
134 617.203125 620.287947265625 623.69921875
135 619.65625 624.0416015625 628.83984375
136 624.220703125 629.7816953125 633.970703125
137 630.1796875 634.8630546874999 639.66796875
138 635.671875 640.3884746093751 644.703125
139 641.0078125 646.7917421875 651.162109375
140 647.263671875 651.397087890625 656.119140625
141 651.486328125 655.72023828125 660.39453125
142 657.28125 661.177267578125 665.44921875
143 663.052734375 665.9492109375 668.630859375
144 663.806640625 668.008314453125 672.515625
145 669.240234375 673.2933359375 676.890625
146 672.904296875 677.73631640625 681.404296875
147 676.98046875 681.538095703125 686.91015625
148 681.951171875 686.7184453125001 690.791015625
149 687.806640625 691.922060546875 695.173828125
150 691.041015625 695.4565683593751 698.619140625
151 695.259765625 699.8375253906249 702.90234375
152 698.697265625 703.25883203125 707.697265625
153 704.142578125 707.709103515625 710.990234375
154 706.658203125 711.133314453125 715.626953125
155 711.6015625 716.6641875 720.14453125
156 716.462890625 720.744931640625 724.716796875
157 720.556640625 724.1946503906249 728.115234375
158 724.37890625 727.64441796875 730.48828125
159 728.251953125 730.957978515625 733.080078125
160 729.671875 733.390439453125 737.078125
161 733.7109375 737.790017578125 741.12109375
162 737.166015625 741.6802304687499 746.00390625
163 743.0078125 747.037630859375 749.93359375
164 746.07421875 750.357349609375 754.20703125
165 749.94921875 754.74926171875 758.724609375
166 752.814453125 757.28816796875 760.865234375
167 757.03515625 761.2958671875 765.904296875
168 762.541015625 767.492390625 769.951171875
169 764.685546875 769.809001953125 773.298828125
170 768.974609375 773.40742578125 777.291015625
171 771.162109375 776.1103789062499 780.546875
172 775.89453125 780.3607792968751 784.888671875
173 781.013671875 785.7848613281251 788.654296875
174 785.74609375 789.59181640625 792.15234375
175 788.603515625 792.760111328125 796.857421875
176 791.435546875 795.695580078125 800.4140625
177 795.896484375 800.66512109375 804.400390625
178 801.861328125 805.133271484375 807.822265625
179 802.572265625 807.848146484375 810.056640625
180 806.005859375 809.9443476562501 813.47265625
181 809.39453125 813.399630859375 817.546875
182 814.21875 816.56769921875 819.06640625
183 815.763671875 820.6779707031251 825.388671875
184 820.5078125 824.5870078125 828.27734375
185 824.595703125 829.5936015625 833.310546875
186 828.431640625 832.5904453124999 837.794921875
187 832.72265625 837.0925625 840.205078125
188 836.03125 839.659564453125 842.015625
189 839.361328125 841.8136523437499 843.990234375
190 839.578125 843.367333984375 845.49609375
191 842.04296875 846.17420703125 849.6796875
192 843.78515625 848.85620703125 851.005859375
193 846.20703125 850.425359375 853.60546875
194 848.6953125 853.17557421875 856.24609375
195 853.669921875 856.4276855468751 858.681640625
196 853.951171875 858.122359375 860.560546875
197 855.42578125 860.00824609375 862.4296875
198 858.765625 863.5104140625 866.40625
199 863.375 866.0424648437499 868.1953125
200 865.12109375 868.017376953125 869.5859375
201 866.578125 870.772791015625 872.62890625
202 869.859375 873.182294921875 875.2421875
203 871.46484375 876.22821484375 878.447265625
204 873.708984375 877.859376953125 880.8828125
205 876.548828125 880.5583984375 882.048828125
206 877.20703125 881.2964121093751 883.306640625
207 878.658203125 882.46995703125 884.48828125
208 880.916015625 884.9732578125 886.56640625
209 884.0078125 886.512365234375 888.5703125
210 884.908203125 888.7317578125001 890.626953125
211 885.884765625 889.8684765625001 891.875
212 888.470703125 891.67807421875 893.39453125
213 890.7578125 893.6167695312499 895.681640625
214 891.673828125 895.2639609375 897.677734375
215 893.345703125 897.06328125 899.091796875
216 895.3984375 899.18565625 902.232421875
217 896.751953125 901.41361328125 903.091796875
218 898.5390625 902.342759765625 904.28125
219 901.291015625 903.88620703125 906.1015625
220 901.810546875 905.617685546875 907.10546875
221 904.4375 906.80561328125 908.3828125
222 904.443359375 907.79364453125 909.9375
223 904.841796875 910.66494140625 912.458984375
224 907.322265625 911.30339453125 913.345703125
225 909.0 913.519712890625 915.642578125
226 912.392578125 915.613423828125 917.658203125
227 914.220703125 918.433658203125 919.90625
228 915.744140625 919.865490234375 921.248046875
229 918.345703125 920.621736328125 921.986328125
230 917.890625 921.8387460937499 923.57421875
231 920.109375 923.118220703125 925.8671875
232 921.9296875 925.7366875 927.55078125
233 922.904296875 926.943537109375 928.837890625
234 924.1640625 928.1121953125 929.451171875
235 924.8515625 928.50654296875 929.763671875
236 925.63671875 928.9184746093749 930.482421875
237 927.27734375 930.686181640625 932.103515625
238 929.232421875 932.156126953125 934.197265625
239 930.513671875 933.6772734374999 935.671875
240 931.0234375 934.8081484375 936.189453125
241 931.1953125 935.130123046875 936.275390625
242 931.71484375 935.558765625 936.6953125
243 931.94921875 935.7117539062499 937.29296875
244 933.033203125 936.807072265625 938.197265625
245 933.701171875 937.493771484375 938.875
246 936.1328125 938.516330078125 939.408203125
247 935.931640625 938.6608671875 939.82421875
248 935.29296875 939.068416015625 940.8828125
249 936.42578125 939.9957167968751 941.330078125
250 937.341796875 940.981017578125 942.6875
251 939.203125 942.51576953125 944.21875
252 939.490234375 943.3614062500001 944.505859375
253 939.53125 943.42215625 944.587890625
254 941.619140625 943.955466796875 945.353515625
255 940.697265625 944.4972871093751 945.6953125
256 940.77734375 944.570015625 945.826171875
257 942.001953125 944.9983085937499 946.396484375
258 941.96484375 945.80239453125 947.103515625
259 943.619140625 946.364611328125 948.181640625
260 944.6328125 947.7212226562499 948.94921875
261 943.923828125 947.82200390625 949.1796875
262 944.0703125 948.0286718750001 949.419921875
263 945.42578125 948.557177734375 949.544921875
264 945.607421875 948.6863398437499 949.83203125
265 945.896484375 948.9827539062501 950.154296875
266 945.189453125 948.991328125 950.2578125
267 946.4453125 949.69671875 951.41015625
268 947.06640625 950.466400390625 952.015625
269 948.140625 951.3712832031249 952.38671875
270 947.38671875 951.21106640625 952.404296875
271 947.40234375 951.2240312499999 953.109375
272 949.31640625 953.44136328125 954.626953125
273 950.943359375 953.8705742187499 955.208984375
274 951.466796875 954.77989453125 956.150390625
275 953.552734375 955.8406562499999 957.099609375
276 952.798828125 956.5496796875 958.2578125
277 955.041015625 957.61214453125 958.720703125
278 953.9296875 957.7723359375 958.93359375
279 953.91796875 957.812328125 958.98046875
280 954.23046875 958.20859765625 959.498046875
281 954.873046875 958.43973046875 959.748046875
282 955.388671875 958.5860976562501 960.220703125
283 956.470703125 959.5876210937499 960.568359375
284 956.447265625 959.795931640625 960.837890625
285 955.978515625 959.7553964843751 960.947265625
286 956.228515625 959.987390625 961.041015625
287 956.142578125 959.951580078125 961.373046875
288 956.623046875 960.48162890625 961.623046875
289 958.6328125 960.92610546875 962.126953125
290 956.626953125 961.53084375 962.626953125
291 958.00390625 961.626337890625 962.884765625
292 958.26171875 961.755232421875 962.919921875
293 958.076171875 961.9211582031251 963.576171875
294 959.087890625 962.895798828125 964.107421875
295 959.123046875 962.951994140625 964.111328125
296 960.283203125 963.2382832031251 964.380859375
297 962.177734375 963.87756640625 965.412109375
298 960.927734375 964.5582519531249 965.794921875
299 961.560546875 964.75646484375 965.873046875
300 962.923828125 965.1702167968749 966.373046875
301 963.44140625 966.19432421875 967.37890625
302 963.193359375 967.00354296875 968.19140625
303 963.443359375 967.042068359375 968.193359375
304 963.24609375 967.002103515625 968.193359375
305 963.318359375 967.0943222656249 968.224609375
306 966.326171875 967.8245234374999 969.0234375
307 964.296875 968.19844921875 969.30078125
308 964.4296875 968.1776445312499 969.337890625
309 964.306640625 968.2426015625 969.37109375
310 964.5625 968.1905937500001 969.37109375
311 964.88671875 968.3241835937499 969.5
312 967.416015625 969.123376953125 970.25390625
313 966.25390625 969.79626953125 970.97265625
314 966.00390625 969.808939453125 971.00390625
315 966.01171875 969.8616640625 971.005859375
316 967.89453125 970.2944414062499 971.509765625
317 966.52734375 970.350732421875 971.515625
318 966.765625 970.4833183593751 971.580078125
319 967.654296875 970.70408203125 972.142578125
320 967.173828125 970.925853515625 972.27734375
321 968.84765625 971.47802734375 972.55078125
322 969.875 972.096869140625 973.20703125
323 968.09765625 972.170236328125 973.35546875
324 968.33984375 972.22762109375 973.36328125
325 968.755859375 972.3058339843751 973.37109375
326 969.28515625 972.440865234375 973.62890625
327 969.62890625 972.6658828125001 974.37890625
328 969.19140625 973.5228847656251 974.63671875
329 969.671875 973.4295078125 974.65234375
330 970.63671875 973.7552421875 974.90234375
331 969.953125 973.72061328125 974.904296875
332 970.53125 974.072556640625 975.15625
333 971.796875 974.3563222656251 975.1875
334 970.57421875 974.115341796875 975.4375
335 970.4375 974.3065859375 975.4375
336 970.5625 974.298798828125 977.0
337 972.537109375 975.724078125 977.40625
338 972.552734375 976.757654296875 977.78125
339 972.78125 976.5707304687501 977.78125
340 972.8828125 976.58590625 977.79296875
341 974.826171875 977.0949492187501 978.30859375
342 973.90234375 977.7053359375 978.87109375
343 974.03515625 977.80615234375 978.841796875
344 974.849609375 977.896173828125 979.35546875
345 975.48046875 978.428755859375 979.67578125
346 974.81640625 978.508916015625 979.76953125
347 976.78515625 979.0560859375 980.30859375
348 975.79296875 979.6233828125 980.79296875
349 976.12109375 979.8992441406251 981.08984375
350 976.08984375 979.9261640625 981.08984375
351 976.111328125 979.922400390625 981.09375
352 976.134765625 979.901525390625 981.10546875
353 977.34765625 980.2885488281249 981.36328125
354 977.81640625 980.686419921875 981.61328125
355 976.94140625 980.54646875 981.7734375
356 976.751953125 980.5329335937499 981.80859375
357 976.99609375 980.6376484375 981.82421875
358 977.34765625 980.733443359375 981.94921875
359 977.078125 980.87444921875 982.07421875
360 977.21484375 980.8687500000001 982.076171875
361 977.076171875 980.889916015625 982.076171875
362 978.083984375 981.149376953125 982.328125
363 977.578125 981.4450703125001 982.578125
364 977.6953125 981.33292578125 982.580078125
365 978.712890625 981.653216796875 982.896484375
366 978.1484375 981.908212890625 983.1484375
367 979.23046875 982.2133671875 983.166015625
368 979.259765625 982.2461484375001 983.177734375
369 978.236328125 981.9904101562499 983.205078125
370 978.642578125 982.1339687499999 983.236328125
371 978.2265625 982.057857421875 983.255859375
372 978.37109375 982.0080683593751 983.25390625
373 978.25390625 982.06908984375 983.25390625
374 978.537109375 982.08962109375 983.255859375
375 979.037109375 982.179775390625 983.259765625
376 978.552734375 982.096525390625 983.2734375
377 979.4453125 982.4052324218749 983.3984375
378 980.7734375 982.79199609375 983.8984375
379 979.716796875 983.384576171875 984.5234375
380 979.65625 983.362482421875 984.556640625
381 979.884765625 983.46080078125 984.650390625
382 979.681640625 983.49360546875 984.658203125
383 979.681640625 983.467447265625 984.79296875
384 979.923828125 983.7157929687501 984.923828125
385 982.048828125 984.2053925781249 985.423828125
386 980.580078125 984.2693417968751 985.490234375
387 981.193359375 984.884009765625 986.044921875
388 981.072265625 984.8388789062501 986.044921875
389 983.044921875 985.3235312499999 986.544921875
390 981.654296875 985.435078125 986.560546875
391 982.57421875 985.632673828125 986.576171875
392 982.138671875 985.54269921875 986.744140625
393 984.048828125 986.112763671875 986.751953125
394 981.626953125 985.6594453125 986.880859375
395 982.130859375 985.6676640625 986.896484375
396 981.939453125 985.6943046875 986.916015625
397 982.12109375 985.7828652343751 986.93359375
398 981.96875 985.7570195312501 986.93359375
399 982.30859375 985.813447265625 987.18359375
400 982.12109375 985.8272578125 987.18359375
401 982.078125 985.966998046875 987.1875
402 982.94921875 986.2313945312501 987.19140625
403 982.53515625 985.984625 987.31640625
404 982.765625 986.3378847656251 987.46484375
405 982.97265625 986.40702734375 987.58984375
406 984.37109375 986.8016445312501 987.58984375
407 984.60546875 986.8610488281249 988.09375
408 984.0546875 987.105689453125 988.09375
409 983.1328125 986.89752734375 988.103515625
410 983.220703125 986.8910585937499 988.111328125
411 983.630859375 987.116037109375 988.11328125
412 985.15234375 987.370921875 988.615234375
413 984.619140625 987.6276269531251 988.6796875
414 985.2421875 987.9325468750001 988.7421875
415 983.880859375 987.56653125 988.7734375
416 983.8046875 987.47734765625 988.775390625
417 983.8203125 987.509318359375 988.779296875
418 985.119140625 987.87175390625 989.029296875
419 984.931640625 988.047333984375 989.310546875
420 985.09765625 988.309185546875 989.341796875
421 984.345703125 988.09185546875 989.341796875
422 985.388671875 988.3837011718749 989.341796875
423 984.904296875 988.2585234375001 989.341796875
424 986.341796875 988.578501953125 989.841796875
425 984.845703125 988.575908203125 989.841796875
426 984.853515625 988.5942636718751 989.841796875
427 984.849609375 988.69378125 989.84375
428 985.84765625 988.9387031250001 989.84375
429 985.640625 988.8597324218749 989.875
430 984.84375 988.701978515625 989.9140625
431 985.546875 988.852802734375 989.9375
432 986.091796875 988.9914531249999 990.189453125
433 985.294921875 988.9162675781249 990.189453125
434 986.224609375 989.23364453125 990.689453125
435 985.197265625 989.456712890625 990.69140625
436 985.69140625 989.544490234375 990.69140625
437 985.69140625 989.455734375 990.69140625
438 986.3203125 989.6896191406249 990.69140625
439 985.9609375 989.54576171875 990.755859375
440 988.11328125 990.14665234375 990.822265625
441 985.833984375 989.56293359375 990.822265625
442 985.841796875 989.6220000000001 990.822265625
443 985.822265625 989.566095703125 990.822265625
444 985.904296875 989.5965527343749 990.83984375
445 986.875 989.88374609375 990.85546875
446 986.86328125 989.8925859375 990.91796875
447 985.98046875 989.775841796875 990.98046875
448 985.98046875 989.727607421875 990.98046875
449 986.783203125 989.964451171875 990.98046875
450 986.095703125 989.777529296875 990.98046875
451 987.1171875 990.0249238281251 991.01171875
452 986.45703125 989.94170703125 991.013671875
453 986.013671875 989.853791015625 991.013671875
454 987.01953125 990.0516328125 991.013671875
455 986.025390625 989.85092578125 991.015625
456 986.75 989.9855019531251 991.140625
457 987.078125 990.1330410156249 991.140625
458 987.09375 990.1435703125001 991.140625
459 986.43359375 990.017091796875 991.203125
460 989.078125 990.6798828125 991.703125
461 987.234375 990.66811328125 991.828125
462 987.83984375 991.16187109375 992.455078125
463 988.462890625 991.48418359375 992.95703125
464 988.169921875 991.72015234375 993.005859375
465 988.021484375 991.7977207031249 993.009765625
466 988.033203125 991.780763671875 993.01171875
467 989.275390625 992.1308203125 993.29296875
468 988.32421875 992.01668359375 993.29296875
469 988.43359375 992.1006464843749 993.32421875
470 988.32421875 992.085994140625 993.32421875
471 988.74609375 992.2511640625 993.328125
472 990.328125 992.609923828125 993.828125
473 988.83984375 992.5507656249999 993.828125
474 988.921875 992.660927734375 993.828125
475 988.833984375 992.644126953125 993.828125
476 989.33984375 992.792380859375 993.828125
477 988.927734375 992.6532578125 993.828125
478 990.4140625 993.0070234375 993.84375
479 989.84765625 992.8610234375001 994.09375
480 989.59375 993.012123046875 994.09375
481 989.09375 992.9223652343751 994.125
482 989.1328125 992.95474609375 994.125
483 990.1328125 993.11673828125 994.125
484 989.1953125 992.8832890625 994.125
485 990.65625 993.2732636718749 994.125
486 989.25 992.9612363281251 994.125
487 990.765625 993.335994140625 994.12890625
488 989.12890625 992.866685546875 994.12890625
489 990.62890625 993.2793984375 994.12890625
490 990.73828125 993.262580078125 994.25390625
491 989.634765625 993.1436230468751 994.31640625
492 989.6328125 993.19228515625 994.31640625
493 989.515625 993.049375 994.31640625
494 991.58203125 993.630513671875 994.8203125
495 991.1484375 994.27603125 995.3203125
496 990.326171875 994.062998046875 995.3203125
497 990.3203125 994.16314453125 995.3203125
498 990.328125 994.035595703125 995.322265625
499 990.333984375 994.0943359375001 995.322265625
500 990.408203125 994.095662109375 995.32421875
