Generation F-Min F-Moy F-Max
0 0.0
1 2.0
2 3.4375
3 4.3125
4 6.0625
5 7.1875
6 8.3125
7 9.625
8 10.9375
9 13.0
10 13.25
11 14.3125
12 15.9375
13 16.25
14 16.5
15 18.125
16 18.75
17 19.625
18 20.125
19 21.75
20 21.875
21 22.625
22 23.9375
23 25.0
24 25.3125
25 29.1875
26 29.1875
27 31.4375
28 30.3125
29 33.3125
30 31.0625
31 34.0
32 32.1875
33 34.9375
34 34.8125
35 34.8125
36 35.9375
37 36.4375
38 38.75
39 38.5625
40 38.625
41 39.875
42 39.1875
43 42.0
44 40.5625
45 42.6875
46 42.8125
47 44.625
48 43.75
49 45.375
50 44.625
51 47.0
52 46.125
53 48.6875
54 48.9375
55 51.125
56 49.0625
57 52.9375
58 50.75
59 53.375
60 51.8125
61 53.5625
62 51.9375
63 54.125
64 55.0
65 54.875
66 56.9375
67 55.4375
68 57.0
69 57.75
70 59.25
71 60.0
72 59.3125
73 59.75
74 61.0
75 60.5
76 61.125
77 62.125
78 62.75
79 63.375
80 63.5625
81 64.5
82 63.8125
83 64.5625
84 64.6875
85 65.1875
86 65.1875
87 67.9375
88 65.875
89 68.4375
90 68.875
91 68.8125
92 70.5625
93 70.5625
94 70.9375
95 72.375
96 71.625
97 73.0625
98 72.3125
99 73.9375
100 73.5625
101 75.875
102 74.3125
103 76.4375
104 75.0625
105 76.5625
106 76.4375
107 78.5
108 77.125
109 79.875
110 79.875
111 81.5625
112 82.375
113 82.5
114 83.3125
115 82.625
116 84.0
117 86.75
118 84.6875
119 87.125
120 85.0
121 88.125
122 85.8125
123 88.4375
124 86.375
125 88.75
126 87.3125
127 89.5
128 88.0625
129 89.1875
130 88.8125
131 89.5625
132 89.375
133 90.8125
134 89.9375
135 91.6875
136 93.3125
137 92.375
138 94.0
139 92.6875
140 95.1875
141 96.5625
142 97.4375
143 97.4375
144 98.5
145 98.1875
146 99.125
147 98.875
148 100.9375
149 99.9375
150 101.1875
151 100.0
152 102.875
153 101.4375
154 104.9375
155 103.9375
156 106.9375
157 105.3125
158 107.4375
159 106.0625
160 107.6875
161 107.0625
162 109.8125
163 109.0625
164 111.4375
165 110.4375
166 111.25
167 110.875
168 112.25
169 113.375
170 112.9375
171 113.75
172 113.1875
173 114.9375
174 113.75
175 115.1875
176 115.5
177 116.125
178 115.625
179 117.1875
180 116.75
181 117.4375
182 117.6875
183 118.1875
184 118.75
185 118.5625
186 121.125
187 120.3125
188 122.0
189 120.5
190 122.125
191 121.0
192 123.5
193 121.9375
194 124.3125
195 123.3125
196 125.375
197 123.6875
198 127.375
199 125.0
200 128.0
201 125.0
202 129.0
203 128.625
204 130.6875
205 129.0625
206 131.1875
207 131.1875
208 131.625
209 132.3125
210 132.4375
211 132.5625
212 132.5625
213 134.3125
214 134.1875
215 134.375
216 140.5625
217 135.6875
218 140.75
219 136.9375
220 140.1875
221 137.5625
222 143.0625
223 139.0
224 143.9375
225 139.875
226 144.4375
227 140.625
228 145.0
229 141.1875
230 145.75
231 142.3125
232 146.3125
233 143.6875
234 148.0
235 144.6875
236 148.5
237 145.5625
238 149.3125
239 148.5
240 150.375
241 149.625
242 151.0
243 150.875
244 151.25
245 150.9375
246 152.125
247 151.3125
248 154.5
249 152.5625
250 154.0625
251 153.9375
252 154.6875
253 154.1875
254 156.3125
255 154.6875
256 157.6875
257 154.8125
258 159.625
259 156.5
260 160.1875
261 157.875
262 160.1875
263 158.5
264 160.5
265 158.75
266 161.375
267 160.0
268 161.875
269 160.0625
270 163.625
271 162.3125
272 164.9375
273 162.8125
274 165.1875
275 163.3125
276 165.5
277 163.4375
278 166.5
279 165.0
280 166.8125
281 165.25
282 168.9375
283 168.1875
284 169.1875
285 169.0
286 170.0
287 170.1875
288 170.25
289 170.5
290 170.625
291 170.6875
292 172.6875
293 172.6875
294 173.4375
295 173.0625
296 173.9375
297 174.5625
298 175.4375
299 174.8125
300 175.6875
301 174.9375
302 177.3125
303 176.5
304 177.5625
305 177.4375
306 178.1875
307 177.8125
308 178.6875
309 179.125
310 180.5
311 180.0
312 180.5
313 180.5625
314 181.4375
315 181.6875
316 181.6875
317 182.25
318 182.75
319 183.0
320 185.5625
321 183.75
322 186.1875
323 185.4375
324 186.3125
325 185.5625
326 189.125
327 187.875
328 190.5625
329 188.3125
330 191.875
331 188.875
332 192.1875
333 189.875
334 193.5
335 191.75
336 193.375
337 192.25
338 193.875
339 193.0
340 195.125
341 193.75
342 195.5625
343 194.875
344 198.0
345 196.0
346 198.875
347 197.5
348 199.9375
349 198.0
350 201.3125
351 198.125
352 201.0625
353 198.0
354 201.3125
355 197.5
356 201.375
357 199.375
358 205.9375
359 198.5
360 205.75
361 198.25
362 207.0625
363 198.5
364 206.9375
365 203.875
366 207.0625
367 200.0
368 207.9375
369 205.25
370 209.0
371 207.5
372 211.0
373 207.375
374 211.5
375 207.125
376 211.75
377 209.125
378 212.1875
379 209.375
380 212.4375
381 209.625
382 213.3125
383 210.3125
384 213.375
385 211.0
386 214.875
387 213.125
388 215.25
389 213.9375
390 216.125
391 215.625
392 216.3125
393 216.5
394 217.625
395 217.0
396 218.8125
397 219.375
398 219.8125
399 220.1875
400 219.875
401 220.6875
402 219.9375
403 222.4375
404 220.5
405 223.5625
406 221.4375
407 223.6875
408 223.1875
409 224.0625
410 224.9375
411 224.5625
412 224.5
413 224.9375
414 224.25
415 226.4375
416 225.125
417 226.6875
418 226.0625
419 227.1875
420 226.625
421 227.5625
422 227.5
423 229.25
424 227.8125
425 229.625
426 228.5625
427 230.0
428 228.625
429 230.125
430 228.875
431 231.25
432 229.4375
433 231.75
434 229.5
435 231.75
436 230.875
437 232.25
438 232.25
439 232.8125
440 232.5625
441 234.125
442 232.9375
443 236.25
444 234.8125
445 236.8125
446 234.9375
447 236.9375
448 236.0625
449 237.0
450 236.1875
451 237.9375
452 238.625
453 239.1875
454 239.3125
455 239.25
456 239.8125
457 240.4375
458 240.4375
459 240.8125
460 239.6875
461 239.9375
462 239.5625
463 240.125
464 239.75
465 241.1875
466 241.375
467 243.875
468 241.5625
469 244.6875
470 241.625
471 244.75
472 241.6875
473 244.75
474 241.6875
475 245.125
476 242.125
477 246.125
478 243.5625
479 247.0625
480 243.9375
481 248.0625
482 244.6875
483 250.0
484 244.6875
485 249.9375
486 245.0625
487 250.8125
488 246.5625
489 250.8125
490 246.8125
491 252.125
492 246.9375
493 252.375
494 247.0
495 252.375
496 248.25
497 252.875
498 248.4375
499 253.375
500 248.6875
