Generation F-Min F-Moy F-Max
0 0.0
1 2.0
2 4.0
3 6.0
4 8.0
5 9.875
6 11.0
7 11.5
8 13.25
9 13.5
10 14.125
11 15.5
12 16.0
13 16.875
14 18.125
15 19.125
16 20.625
17 21.0
18 21.125
19 21.25
20 21.625
21 23.25
22 23.375
23 23.875
24 24.25
25 24.875
26 26.125
27 26.625
28 28.5
29 28.625
30 29.5
31 29.625
32 31.25
33 32.0
34 32.375
35 32.5
36 33.625
37 33.75
38 35.375
39 35.625
40 35.625
41 37.125
42 38.625
43 39.375
44 39.75
45 41.0
46 41.625
47 43.25
48 43.375
49 43.375
50 44.25
51 44.5
52 46.0
53 46.625
54 46.625
55 47.875
56 49.0
57 49.0
58 49.125
59 50.5
60 51.625
61 53.5
62 53.5
63 53.5
64 53.5
65 54.75
66 55.0
67 55.5
68 55.625
69 57.5
70 57.5
71 57.5
72 57.75
73 57.875
74 58.25
75 59.25
76 59.375
77 60.75
78 61.625
79 61.75
80 62.25
81 63.5
82 63.625
83 64.25
84 64.25
85 64.75
86 64.75
87 66.125
88 66.25
89 66.875
90 67.375
91 68.875
92 69.125
93 69.375
94 70.875
95 71.125
96 72.25
97 73.125
98 73.375
99 73.625
100 74.625
101 74.625
102 74.625
103 74.75
104 75.875
105 76.5
106 76.875
107 77.125
108 77.125
109 77.875
110 78.875
111 79.0
112 79.625
113 80.75
114 81.0
115 81.125
116 81.125
117 82.5
118 82.5
119 83.0
120 83.75
121 85.5
122 85.75
123 86.0
124 86.25
125 86.25
126 88.25
127 88.25
128 89.25
129 90.75
130 89.75
131 89.75
132 90.625
133 90.875
134 91.875
135 92.375
136 92.5
137 92.875
138 93.125
139 93.125
140 94.25
141 95.5
142 95.625
143 95.625
144 96.375
145 96.375
146 96.5
147 97.5
148 98.5
149 99.0
150 99.125
151 99.75
152 100.5
153 100.5
154 100.75
155 101.0
156 102.0
157 102.625
158 103.625
159 103.625
160 104.625
161 104.625
162 105.125
163 105.125
164 105.75
165 105.75
166 106.75
167 107.0
168 108.0
169 108.25
170 108.25
171 108.375
172 109.25
173 109.25
174 109.5
175 110.125
176 110.125
177 111.75
178 112.75
179 112.875
180 113.25
181 114.0
182 114.0
183 115.625
184 116.125
185 117.625
186 117.75
187 119.5
188 119.5
189 119.625
190 120.625
191 120.75
192 121.0
193 121.375
194 121.375
195 122.375
196 122.5
197 122.5
198 122.625
199 122.75
200 123.75
201 125.125
202 125.625
203 125.75
204 126.5
205 126.5
206 126.5
207 126.5
208 126.5
209 127.0
210 128.625
211 129.0
212 130.125
213 130.875
214 131.875
215 131.875
216 131.875
217 132.125
218 133.375
219 133.375
220 133.5
221 134.125
222 134.5
223 135.25
224 135.5
225 136.125
226 137.375
227 137.375
228 137.5
229 137.5
230 138.5
231 138.5
232 138.625
233 139.0
234 140.0
235 140.625
236 140.875
237 141.625
238 142.125
239 142.125
240 142.125
241 143.875
242 143.875
243 143.875
244 144.125
245 144.75
246 144.75
247 144.75
248 146.5
249 146.625
250 148.375
251 148.5
252 148.5
253 148.5
254 148.75
255 148.875
256 150.625
257 150.875
258 151.875
259 153.5
260 153.5
261 153.5
262 153.625
263 153.625
264 154.375
265 154.5
266 154.625
267 155.125
268 156.25
269 156.375
270 156.375
271 156.75
272 156.875
273 157.125
274 157.125
275 158.125
276 159.25
277 159.375
278 159.375
279 160.5
280 160.5
281 160.75
282 160.75
283 160.875
284 161.0
285 161.5
286 162.625
287 162.875
288 163.375
289 163.375
290 163.75
291 164.75
292 165.125
293 166.75
294 166.75
295 166.75
296 167.875
297 167.875
298 167.875
299 168.0
300 168.125
301 169.25
302 169.5
303 169.5
304 170.0
305 170.25
306 170.25
307 170.75
308 170.875
309 171.125
310 171.25
311 171.5
312 171.5
313 171.5
314 172.25
315 173.25
316 173.25
317 173.75
318 174.875
319 175.625
320 175.875
321 176.5
322 177.25
323 178.75
324 178.75
325 178.75
326 178.75
327 179.0
328 179.0
329 180.5
330 181.25
331 182.375
332 183.375
333 183.5
334 183.5
335 183.875
336 183.875
337 183.875
338 185.375
339 185.5
340 185.625
341 185.625
342 186.125
343 187.25
344 186.25
345 186.25
346 186.25
347 186.375
348 186.5
349 186.625
350 188.0
351 188.125
352 188.5
353 188.5
354 188.5
355 190.25
356 190.25
357 190.25
358 191.375
359 192.875
360 193.125
361 193.125
362 193.25
363 194.25
364 195.25
365 196.0
366 196.125
367 196.125
368 196.25
369 196.875
370 196.875
371 197.375
372 197.375
373 197.75
374 198.75
375 200.375
376 200.5
377 200.5
378 200.5
379 201.0
380 201.25
381 202.0
382 203.5
383 203.5
384 203.5
385 204.125
386 204.125
387 204.125
388 204.375
389 205.25
390 206.25
391 207.25
392 207.625
393 208.125
394 208.125
395 208.125
396 208.125
397 209.25
398 209.375
399 209.875
400 209.875
401 209.875
402 210.0
403 210.125
404 210.125
405 210.125
406 210.5
407 211.625
408 212.625
409 214.25
410 214.25
411 214.25
412 214.5
413 214.5
414 214.5
415 214.75
416 214.75
417 215.25
418 215.75
419 216.875
420 217.375
421 217.625
422 217.875
423 218.0
424 218.75
425 219.25
426 219.25
427 220.375
428 221.375
429 221.5
430 221.5
431 221.5
432 221.5
433 221.875
434 222.375
435 222.375
436 223.5
437 223.625
438 224.375
439 224.375
440 224.5
441 225.0
442 225.125
443 225.125
444 226.125
445 226.75
446 227.75
447 227.75
448 226.75
449 226.75
450 227.875
451 227.75
452 227.75
453 228.75
454 228.875
455 228.875
456 228.875
457 228.875
458 229.875
459 229.875
460 230.0
461 231.0
462 231.0
463 232.5
464 232.375
465 232.5
466 232.75
467 233.75
468 233.75
469 234.75
470 235.125
471 235.375
472 235.375
473 235.375
474 235.375
475 235.375
476 235.5
477 237.125
478 237.125
479 237.125
480 237.125
481 237.25
482 237.25
483 237.5
484 237.5
485 237.5
486 237.875
487 238.0
488 238.5
489 239.125
490 239.125
491 239.125
492 239.125
493 239.625
494 238.75
495 238.75
496 238.75
497 239.0
498 239.125
499 239.25
500 239.75
