Generation F-Min F-Moy F-Max
0 0.0
1 3.0
2 7.5
3 12.0625
4 16.0625
5 19.9375
6 23.8125
7 27.4375
8 31.3125
9 35.1875
10 39.3125
11 43.875
12 48.4375
13 52.75
14 57.625
15 61.125
16 65.0625
17 69.6875
18 72.8125
19 77.5625
20 81.75
21 85.6875
22 90.3125
23 94.125
24 98.125
25 101.625
26 105.375
27 109.1875
28 112.625
29 118.0625
30 122.125
31 126.8125
32 130.75
33 134.9375
34 138.875
35 142.875
36 146.625
37 150.3125
38 154.625
39 158.125
40 161.8125
41 167.0
42 171.5
43 175.5
44 179.3125
45 182.875
46 186.5
47 191.0
48 194.625
49 199.75
50 203.6875
51 207.9375
52 211.875
53 216.1875
54 219.5
55 224.6875
56 228.9375
57 233.6875
58 237.875
59 241.875
60 245.4375
61 249.0625
62 252.6875
63 256.375
64 259.6875
65 263.75
66 268.9375
67 272.625
68 276.25
69 280.6875
70 285.0625
71 289.125
72 293.0
73 297.25
74 300.5
75 305.625
76 309.75
77 313.3125
78 317.6875
79 321.3125
80 325.25
81 328.9375
82 332.875
83 336.0625
84 340.125
85 343.75
86 347.375
87 351.6875
88 356.25
89 360.25
90 364.25
91 368.125
92 372.0
93 375.5
94 380.0625
95 383.3125
96 388.0625
97 392.625
98 396.125
99 400.0625
100 404.4375
101 408.5625
102 412.625
103 416.0
104 419.75
105 423.0625
106 427.1875
107 431.0
108 435.0
109 438.6875
110 442.6875
111 447.125
112 450.8125
113 455.25
114 459.375
115 463.3125
116 466.625
117 471.375
118 474.8125
119 478.75
120 482.625
121 486.625
122 490.75
123 495.1875
124 499.4375
125 503.0625
126 507.0
127 511.1875
128 515.4375
129 518.5625
130 522.75
131 526.8125
132 530.5625
133 535.1875
134 539.8125
135 543.3125
136 546.375
137 550.5
138 554.6875
139 558.375
140 561.5
141 565.875
142 569.5625
143 573.5625
144 578.6875
145 582.6875
146 586.5
147 590.875
148 594.4375
149 597.875
150 602.5625
151 606.375
152 610.25
153 613.875
154 617.3125
155 620.5
156 625.0625
157 628.75
158 633.0
159 636.3125
160 640.6875
161 645.125
162 648.875
163 653.0
164 656.375
165 661.1875
166 665.625
167 669.4375
168 673.4375
169 677.5
170 680.6875
171 685.5625
172 690.125
173 694.0
174 697.875
175 701.625
176 705.1875
177 709.625
178 712.875
179 716.1875
180 720.5
181 724.625
182 729.375
183 733.4375
184 737.8125
185 741.8125
186 745.375
187 748.9375
188 753.5
189 757.625
190 760.8125
191 764.1875
192 767.1875
193 770.5625
194 774.3125
195 777.9375
196 782.0625
197 785.125
198 788.625
199 791.3125
200 794.0
201 797.1875
202 799.75
203 803.5625
204 807.0
205 810.6875
206 814.625
207 818.375
208 822.4375
209 826.6875
210 829.8125
211 832.5
212 836.3125
213 839.5
214 842.3125
215 844.5625
216 848.5
217 851.9375
218 853.4375
219 855.3125
220 859.5625
221 862.5
222 864.0
223 866.75
224 869.25
225 870.625
226 873.5625
227 876.75
228 879.3125
229 880.875
230 883.5625
231 886.5625
232 887.9375
233 890.375
234 891.9375
235 894.0625
236 896.3125
237 897.5625
238 899.1875
239 902.0
240 904.1875
241 906.0625
242 907.8125
243 910.625
244 912.4375
245 914.6875
246 915.8125
247 918.0625
248 919.5
249 921.75
250 923.375
251 925.1875
252 926.3125
253 928.25
254 930.0625
255 931.5
256 934.25
257 934.9375
258 936.3125
259 938.3125
260 939.5625
261 940.625
262 943.5625
263 944.6875
264 945.9375
265 947.75
266 948.3125
267 949.3125
268 950.6875
269 951.625
270 953.6875
271 954.0
272 956.0
273 957.25
274 957.75
275 959.0
276 960.3125
277 962.4375
278 962.9375
279 963.6875
280 964.0625
281 964.4375
282 965.3125
283 966.875
284 968.25
285 968.4375
286 968.6875
287 969.0625
288 969.5625
289 970.625
290 971.9375
291 972.75
292 973.1875
293 973.9375
294 974.1875
295 974.4375
296 974.8125
297 975.3125
298 976.0
299 976.0625
300 976.375
301 976.8125
302 977.0
303 977.3125
304 978.3125
305 978.5625
306 979.4375
307 980.5625
308 980.625
309 980.6875
310 980.8125
311 980.9375
312 981.4375
313 981.6875
314 981.9375
315 982.0625
316 982.875
317 983.5
318 983.6875
319 983.6875
320 983.6875
321 983.6875
322 983.6875
323 984.25
324 984.25
325 984.25
326 984.25
327 984.3125
328 984.3125
329 984.375
330 984.875
331 985.375
332 985.9375
333 986.0
334 986.0
335 986.0
336 986.0625
337 986.125
338 986.375
339 986.9375
340 987.75
341 987.75
342 988.25
343 988.25
344 988.25
345 988.25
346 988.25
347 988.375
348 988.5
349 989.125
350 989.125
351 989.1875
352 989.1875
353 989.5625
354 989.8125
355 989.8125
356 990.3125
357 990.8125
358 990.8125
359 990.875
360 990.875
361 990.875
362 990.875
363 991.0
364 991.5
365 991.5
366 991.5
367 991.5
368 991.5
369 991.5
370 991.75
371 992.0
372 992.0
373 992.5
374 992.625
375 992.625
376 992.625
377 992.625
378 993.1875
379 993.1875
380 993.25
381 993.25
382 993.25
383 993.25
384 993.25
385 993.25
386 993.25
387 993.25
388 993.25
389 993.25
390 993.25
391 993.25
392 993.25
393 993.25
394 993.375
395 993.375
396 993.375
397 993.375
398 993.375
399 993.5
400 993.625
401 993.625
402 993.625
403 993.625
404 993.625
405 993.6875
406 993.8125
407 993.8125
408 993.8125
409 993.8125
410 993.8125
411 993.8125
412 993.8125
413 993.8125
414 993.8125
415 994.0625
416 994.0625
417 994.0625
418 994.0625
419 994.0625
420 994.0625
421 994.0625
422 994.0625
423 994.0625
424 994.0625
425 994.0625
426 994.0625
427 994.0625
428 994.0625
429 994.0625
430 994.0625
431 994.0625
432 994.0625
433 994.0625
434 994.0625
435 994.3125
436 994.3125
437 994.3125
438 994.4375
439 994.5
440 994.5
441 994.5
442 994.5
443 995.0
444 995.0
445 995.25
446 995.25
447 995.25
448 995.25
449 995.5
450 995.5
451 995.5
452 995.5
453 995.5
454 995.5
455 995.5
456 995.5
457 995.5
458 995.5
459 995.5
460 995.5
461 995.5
462 995.5
463 995.5
464 995.5
465 995.5
466 995.5
467 995.5
468 995.5
469 995.5
470 995.5
471 995.5
472 995.5
473 995.5
474 995.5
475 995.5
476 995.5
477 995.5
478 995.5
479 995.5
480 995.5625
481 995.5625
482 995.5625
483 995.5625
484 995.5625
485 995.5625
486 995.5625
487 995.5625
488 995.5625
489 995.5625
490 995.5625
491 995.5625
492 995.5625
493 995.5625
494 995.5625
495 995.5625
496 996.0625
497 996.0625
498 996.0625
499 996.0625
500 996.0625
